0,315
0,386
1557,52
1557,51
1557,50
1557,49
1557,48
1557,47
1557,46
1557,45
1557,44
1557,43
1557,42
1557,41
1557,40
1557,39
1557,38
1557,37
1557,36
1557,35
10,110
10,204
10,206
10,140
10,178
10,64
10,294
10,248
10,2
10,3
11,27
11,25
9,7
9,4
9,6
9,2
9,3
8,5
8,6
8,8
8,4
1553,5
1553,4
1553,3
1553,2
1553,1
1553,0
1540,4
1540,3
1540,2
1540,1
1540,0
1538,4
1538,3
1538,2
1538,1
1538,0
1536,3
1536,2
1536,1
1536,0
1535,5
1535,4
1535,3
1535,2
1535,1
1535,0
1534,4
1534,3
1534,2
1534,1
1534,0
1533,4
1533,3
1533,2
1533,1
1533,0
1532,4
1532,3
1532,2
1532,1
1532,0
1485,3
1485,2
1485,1
20,3
20,2
20,1
19,3
19,2
19,1
12,3
12,2
12,1
11,30
11,29
11,28
11,26
11,24
11,20
11,18
11,17
11,16
11,14
11,13
11,11
11,10
11,9
11,8
11,7
11,6
11,5
11,4
11,3
11,2
18,1
11,1
18,3
10,309
14,1
14,3
